0.334111535
0.336076037
0.34116084
0.341455873
0.352172745
0.357707213
0.376157828
0.388508938
0.433431683
0.458832048
0.538712955
0.55421555
0.582191632
0.591720496
0.602183658
0.610043878
0.620293613
0.621670399
0.62774041
0.63004905
0.620446606
0.61909914
0.622938786
0.609011826
0.602953432
0.587071328
0.584820064
0.56740846
0.555644023
0.539796217
0.522664445
0.515513683
0.496289301
0.479766363
0.461008399
0.454649871
0.453268285
0.455412754
0.466944615
0.469450419
0.477861451
0.481411884
0.484085989
0.477834187
0.328615743
0.337394662
0.354180862
0.363511553
0.379131198
0.389434632
0.40628599
0.421680321
0.450124406
0.468875192
0.490195534
0.518521062
0.549812595
0.563018117
0.566643965
0.554915874
0.529647527
0.513726156
0.473470149
0.463375118
0.46382806
0.471991973
0.48835615
0.493528626
0.49761698
0.48963537
0.463198101
0.443564007
0.433672733
0.327301254
0.336862286
0.347620105
0.364453855
0.374962911
0.395011402
0.408413481
0.422183525
0.444260333
0.470674389
0.494920978
0.542645654
0.556383444
0.567983563
0.570821471
0.567251319
0.571549343
0.582663509
0.593483477
0.603579673
0.610431744
0.614255119
0.614024925
0.618767379
0.623289311
0.625842318
0.628446838
0.624633129
0.61640433
0.578322094
0.565799603
0.551523942
0.558915127
0.558045186
0.554886629
0.528863781
0.512355334
0.481090761
0.468343078
0.458983047
0.450736179
0.432456952
0.413947636
0.380876232
0.371008877
0.35679031
0.306068831
0.303072283
0.299915841
0.309605716
0.344167367
0.35454376
0.37819885
0.402639163
0.444949255
0.461322404
0.512460488
0.51619639
0.544391103
0.554577573
0.581826795
0.593385199
0.610557183
0.614035144
0.45718033
0.451312683
0.449547148
0.451362138
0.472801804
0.48078241
0.487052642
0.482456772
0.491827989
0.493953062
0.496365653
0.299824656
0.296744633
0.303603195
0.324553562
0.333131346
0.350622726
0.360628011
0.395974221
0.415602514
0.481170274
0.51793663
0.553172437
0.550820846
0.548919125
0.549636067
0.539343371
0.530361429
0.494925928
0.475304791
0.432691761
0.428201601
0.408860686
0.402076668
0.388041415
0.384120357
0.344374897
0.328254175
0.29671759
0.342038614
0.360917155
0.374433122
0.376525644
0.381721591
0.386492844
0.408282022
0.419996052
0.453674178
0.475985365
0.529205014
0.541336791
0.566078941
0.577581612
0.601419902
0.607546467
0.443542275
0.446733769
0.467651659
0.479008306
0.492259844
0.48125253
0.46856073
0.474008593
0.47812179
0.483833434
0.504062896
0.293083848
0.316753898
0.336658879
0.376170059
0.376652887
0.379805603
0.384495566
0.409379557
0.422004888
0.469522279
0.495094409
0.535507216
0.537735538
0.565198942
0.56772425
0.585517041
0.591110878
0.607192307
0.610290985
0.603829605
0.590338793
0.567091095
0.559485368
0.532225837
0.513719364
0.465602039
0.446878101
0.434065084
0.431761535
0.434821322
0.410184066
0.400482617
0.397035316
0.403933474
0.402156108
0.394461147
0.320517626
0.333064314
0.367985052
0.374628097
0.377302452
0.378918038
0.392783546
0.398440706
0.429719299
0.443654163
0.485663896
0.511316694
0.549821501
0.56152749
0.564717732
0.561864405
0.551228293
0.547999136
0.551550178
0.551124919
0.497049353
0.47923525
0.439961361
0.432431729
0.439502975
0.455307197
0.503398245
0.517792648
0.520139217
0.52700514
0.560623261
0.566468845
0.410124558
0.400633937
0.386080355
0.381596191
0.38186609
0.39053863
0.41971917
0.431497135
0.469585231
0.481642028
0.515872756
0.52320136
0.506801524
0.50045123
0.487689351
0.481967832
0.482746357
0.47350999
0.461510242
0.452538599
0.447936185
0.442213525
0.434458407
0.312935972
0.314121877
0.332471575
0.345324122
0.351177779
0.35052308
0.350213372
0.361904674
0.390502343
0.411001896
0.446745971
0.471357094
0.512781542
0.527234105
0.546261811
0.553176123
0.558437273
0.562764523
0.567346435
0.57072929
0.578081619
0.581284833
0.595127991
0.598310757
0.607447009
0.609372237
0.603948364
0.595837768
0.581721414
0.568707469
0.546885171
0.536789853
0.488414718
0.466848167
0.45721639
0.458455058
0.462961965
0.468950719
0.482083833
0.482293174
0.463971586
0.447298885
0.428183201
0.350103287
0.350416512
0.36312939
0.381914323
0.399979266
0.409627694
0.424454649
0.427325694
0.437447765
0.450516612
0.483817299
0.508524621
0.515205844
0.526670429
0.531030125
0.534839987
0.534265003
0.542200921
0.558193817
0.569469196
0.579183852
0.591634117
0.599687041
0.602287149
0.603937025
0.603024587
0.598532135
0.588707934
0.574265866
0.563067416
0.545108828
0.530600929
0.490584906
0.45982187
0.440336899
0.424714889
0.408553068
0.403023855
0.403664744
0.405216112
0.413642402
0.420965306
0.433286033
0.377286653
0.381812565
0.380415215
0.372768947
0.35066775
0.3356386
0.323413463
0.311794406
0.30143857
0.297594061
0.523576752
0.541633728
0.54940774
0.574427908
0.577429628
0.568069486
0.558635165
0.536567282
0.523451209
0.46053481
0.442987994
0.416980176
0.403557786
0.382851954
0.36127657
0.333018948
0.331869777
0.347309868
0.361623764
0.394310644
0.309277647
0.31044724
0.320183456
0.357141261
0.368397877
0.378692366
0.380588073
0.391902214
0.402744561
0.447594285
0.490800148
0.544077324
0.566789348
0.563561937
0.562253046
0.483330209
0.457633495
0.42493163
0.411132477
0.417920069
0.415234437
0.412440817
0.412134784
0.426062096
0.434710858
0.479199658
0.381651664
0.375599951
0.370125479
0.36439647
0.404315996
0.409184517
0.414271706
0.43788096
0.446577353
0.475064993
0.485651315
0.526792598
0.538045222
0.516326878
0.509874335
0.476370911
0.466701136
0.443863703
0.434450515
0.414059893
0.411727595
0.403945876
0.40780134
0.442519541
0.356714179
0.36048374
0.367015246
0.376841599
0.383866057
0.378539036
0.368064958
0.368025515
0.377279019
0.385696428
0.571561508
0.588153157
0.591705599
0.57752797
0.565596739
0.525056855
0.501354725
0.450402123
0.444209301
0.454559145
0.463656769
0.512484895
0.529385562
0.582403921
0.593544978
0.594564026
0.594095637
0.56053341
0.362272865
0.379969713
0.384157708
0.383412438
0.38649137
0.399291044
0.412935342
0.431056609
0.444916887
0.475019814
0.494337879
0.512825823
