0.69
1.65
2.06
0.79
0.04
0.91
2.31
1.89
2.08
2.21
3.12
3.63
3.60
3.39
3.77
5.02
6.64
7.79
9.01
10.78
11.89
11.18
11.67
11.78
11.94
12.30
13.02
13.84
15.01
15.83
16.75
17.95
19.10
18.04
18.66
19.78
21.03
22.34
23.72
24.54
25.02
24.85
24.82
24.67
25.20
23.72
24.03
25.36
25.49
25.59
25.04
23.84
22.45
21.48
21.26
21.29
21.07
18.80
17.90
16.81
16.64
16.96
17.69
18.79
20.27
21.51
21.54
21.41
20.44
17.88
17.50
17.54
17.55
17.77
18.14
17.72
17.77
18.41
17.45
16.80
16.44
14.96
15.10
14.86
15.57
14.67
14.85
14.25
13.46
13.31
13.81
13.24
12.78
12.11
11.99
11.73
11.85
11.23
11.50
10.97
11.14
11.63
12.19
13.70
15.91
16.88
17.88
18.49
18.96
19.74
20.00
19.58
19.18
18.60
18.22
17.14
16.36
17.61
17.43
17.19
17.39
16.90
16.29
16.18
15.79
15.22
15.48
15.49
15.19
15.53
15.67
15.66
16.00
15.57
14.96
14.24
13.35
12.55
12.26
11.65
10.85
10.49
9.64
9.10
7.98
6.84
5.66
3.88
3.36
3.43
4.13
3.93
3.58
3.72
3.56
3.22
2.33
1.22
0.24